7433
5107
10738
4416
4234
5074
5819
10957
2255
1160
5827
4184
1985
4371
6890
2419
9279
5827
1063
6043
2577
1160
6235
6095
7461
10149
1063
1160
4366
5528
10149
9264
8730
1328
2988
8425
9875
7290
7656
3318
10149
5074
10526
6835
6890
2419
2944
10479
10603
3302
4371
10738
7461
7032
4036
6266
3117
8428
5557
1063
9264
8428
10479
4416
3302
9866
9872
2419
7182
9747
5528
5522
10629
2388
4602
5087
10629
4101
5522
5528
10603
7656
8875
5074
5528
4602
2255
8842
2426
2986
10957
6931
5557
4371
7461
5107
10603
2988
4416
6095
10138
10603
4602
4560
4234
8425
4416
2388
9760
4777
5528
2388
3343
1328
1793
7461
8120
7733
2030
8893
4416
8120
5107
4560
6058
6235
1160
1016
1793
10149
4101
7313
5557
6095
7313
2986
2419
3343
6931
8425
2035
2255
10526
10187
10149
2986
5087
4036
10603
5522
2255
1929
8428
9866
10603
6043
3449
8120
10526
4416
1985
7461
3449
4101
7461
6835
9760
1160
2986
4234
6176
9760
8842
6835
7182
8893
9279
1929
10526
7313
5074
10526
5107
10526
10526
2986
2944
2443
4416
2255
1160
9719
2255
2277
6192
6192
6931
1846
7777
3449
4371
9875
9881
1063
6970
6970
4371
5827
7526
10629
7777
10429
2277
7182
2030
4833
2443
4602
2419
4227
7313
7313
7461
2443
10603
4234
10187
1985
5522
9279
10387
10738
5827
2986
6043
8428
5557
10387
10603
4371
2986
10138
6970
10747
10138
2986
2277
8730
4602
8120
1929
6095
1063
7733
8425
3343
7313
1063
10603
5074
1328
2944
7313
10526
10738
9264
4101
2277
10629
3449
3117
9875
7461
4833
4366
2409
4416
10149
2419
8893
7733
10479
4560
2419
4602
7656
6176
6095
4833
6890
4416
10387
3318
8120
1160
3302
2255
6890
4101
1016
5557
10603
7313
8271
1555
7656
8842
2426
4602
5810
10738
9719
9881
7656
10387
6192
1328
6058
2255
6176
10629
1328
1063
2388
7461
3449
4227
4833
8615
5827
2944
8893
5557
8842
6970
2944
10138
8425
10957
5528
2988
2255
2443
9279
1160
1016
5827
7313
7433
7461
4234
2419
5557
10387
9872
8615
4101
7032
7290
10738
2419
4101
5087
2255
10526
