7433
5107
10738
4416
4234
5074
5819
10957
2255
1160
5827
4184
1985
4371
6890
2419
9279
1063
6043
2577
6235
6095
7461
10149
4366
5528
9264
8730
1328
2988
8425
9875
7290
7656
3318
10526
6835
2944
10479
10603
3302
7032
4036
6266
3117
8428
5557
9866
9872
7182
9747
5522
10629
2388
4602
5087
4101
8875
8842
2426
2986
6931
10138
4560
9760
4777
3343
1793
8120
7733
2030
8893
6058
1016
7313
2035
10187
1929
3449
6176
2443
9719
2277
6192
1846
7777
9881
6970
7526
10429
4833
4227
10387
10747
2409
8271
1555
5810
8615
